I (box 4x4):
  state 0: (1,0) (1,1) (1,2) (1,3)
  state 1: (0,2) (1,2) (2,2) (3,2)
  state 2: (2,0) (2,1) (2,2) (2,3)
  state 3: (0,1) (1,1) (2,1) (3,1)
J (box 3x3):
  state 0: (0,0) (1,0) (1,1) (1,2)
  state 1: (0,1) (0,2) (1,1) (2,1)
  state 2: (1,0) (1,1) (1,2) (2,2)
  state 3: (0,1) (1,1) (2,0) (2,1)
L (box 3x3):
  state 0: (0,2) (1,0) (1,1) (1,2)
  state 1: (0,1) (1,1) (2,1) (2,2)
  state 2: (1,0) (1,1) (1,2) (2,0)
  state 3: (0,0) (0,1) (1,1) (2,1)
O (box 2x2):
  state 0: (0,0) (0,1) (1,0) (1,1)
  state 1: (0,0) (0,1) (1,0) (1,1)
  state 2: (0,0) (0,1) (1,0) (1,1)
  state 3: (0,0) (0,1) (1,0) (1,1)
S (box 3x3):
  state 0: (0,1) (0,2) (1,0) (1,1)
  state 1: (0,1) (1,1) (1,2) (2,2)
  state 2: (1,1) (1,2) (2,0) (2,1)
  state 3: (0,0) (1,0) (1,1) (2,1)
T (box 3x3):
  state 0: (0,1) (1,0) (1,1) (1,2)
  state 1: (0,1) (1,1) (1,2) (2,1)
  state 2: (1,0) (1,1) (1,2) (2,1)
  state 3: (0,1) (1,0) (1,1) (2,1)
Z (box 3x3):
  state 0: (0,0) (0,1) (1,1) (1,2)
  state 1: (0,2) (1,1) (1,2) (2,1)
  state 2: (1,0) (1,1) (2,1) (2,2)
  state 3: (0,1) (1,0) (1,1) (2,0)
